Start state: 
 12   6  10   1  23 
 16  17  13   7  25 
 19  14   8   3   4 
 21  15   9  20   5 
 22  18  24   2  11 
Solving...
<class 'list'>
goal tiles: {} True
yes got the soultion....
state_props[0],state_props[1] : [[ 1  2  3  4  5]
 [ 6  7  8  9 10]
 [11 12 13 14 15]
 [16 17 18 19 20]
 [21 22 23 24 25]] D1
np.fromstring(curr,int).reshape(5,5) [[ 1  2  3  4  5]
 [ 6  7  8  9 10]
 [11 12 13 14 15]
 [16 17 18 19 20]
 [21 22 23 24 25]]
state: [[ 1  2  3  4  5]
 [ 6  7  8  9 10]
 [11 12 13 14 15]
 [16 17 18 19 20]
 [21 22 23 24 25]] move: D1  previous: [[ 6  2  3  4  5]
 [11  7  8  9 10]
 [16 12 13 14 15]
 [21 17 18 19 20]
 [ 1 22 23 24 25]]
state: [[ 6  2  3  4  5]
 [11  7  8  9 10]
 [16 12 13 14 15]
 [21 17 18 19 20]
 [ 1 22 23 24 25]] move: R1  previous: [[ 2  3  4  5  6]
 [11  7  8  9 10]
 [16 12 13 14 15]
 [21 17 18 19 20]
 [ 1 22 23 24 25]]
state: [[ 2  3  4  5  6]
 [11  7  8  9 10]
 [16 12 13 14 15]
 [21 17 18 19 20]
 [ 1 22 23 24 25]] move: U1  previous: [[ 1  3  4  5  6]
 [ 2  7  8  9 10]
 [11 12 13 14 15]
 [16 17 18 19 20]
 [21 22 23 24 25]]
state: [[ 1  3  4  5  6]
 [ 2  7  8  9 10]
 [11 12 13 14 15]
 [16 17 18 19 20]
 [21 22 23 24 25]] move: L1  previous: [[ 6  1  3  4  5]
 [ 2  7  8  9 10]
 [11 12 13 14 15]
 [16 17 18 19 20]
 [21 22 23 24 25]]
state: [[ 6  1  3  4  5]
 [ 2  7  8  9 10]
 [11 12 13 14 15]
 [16 17 18 19 20]
 [21 22 23 24 25]] move: D1  previous: [[ 2  1  3  4  5]
 [11  7  8  9 10]
 [16 12 13 14 15]
 [21 17 18 19 20]
 [ 6 22 23 24 25]]
state: [[ 2  1  3  4  5]
 [11  7  8  9 10]
 [16 12 13 14 15]
 [21 17 18 19 20]
 [ 6 22 23 24 25]] move: R1  previous: [[ 1  3  4  5  2]
 [11  7  8  9 10]
 [16 12 13 14 15]
 [21 17 18 19 20]
 [ 6 22 23 24 25]]
state: [[ 1  3  4  5  2]
 [11  7  8  9 10]
 [16 12 13 14 15]
 [21 17 18 19 20]
 [ 6 22 23 24 25]] move: U1  previous: [[ 6  3  4  5  2]
 [ 1  7  8  9 10]
 [11 12 13 14 15]
 [16 17 18 19 20]
 [21 22 23 24 25]]
state: [[ 6  3  4  5  2]
 [ 1  7  8  9 10]
 [11 12 13 14 15]
 [16 17 18 19 20]
 [21 22 23 24 25]] move: L1  previous: [[ 2  6  3  4  5]
 [ 1  7  8  9 10]
 [11 12 13 14 15]
 [16 17 18 19 20]
 [21 22 23 24 25]]
state: [[ 2  6  3  4  5]
 [ 1  7  8  9 10]
 [11 12 13 14 15]
 [16 17 18 19 20]
 [21 22 23 24 25]] move: D1  previous: [[ 1  6  3  4  5]
 [11  7  8  9 10]
 [16 12 13 14 15]
 [21 17 18 19 20]
 [ 2 22 23 24 25]]
state: [[ 1  6  3  4  5]
 [11  7  8  9 10]
 [16 12 13 14 15]
 [21 17 18 19 20]
 [ 2 22 23 24 25]] move: L5  previous: [[ 1  6  3  4  5]
 [11  7  8  9 10]
 [16 12 13 14 15]
 [21 17 18 19 20]
 [25  2 22 23 24]]
state: [[ 1  6  3  4  5]
 [11  7  8  9 10]
 [16 12 13 14 15]
 [21 17 18 19 20]
 [25  2 22 23 24]] move: U1  previous: [[25  6  3  4  5]
 [ 1  7  8  9 10]
 [11 12 13 14 15]
 [16 17 18 19 20]
 [21  2 22 23 24]]
state: [[25  6  3  4  5]
 [ 1  7  8  9 10]
 [11 12 13 14 15]
 [16 17 18 19 20]
 [21  2 22 23 24]] move: R5  previous: [[25  6  3  4  5]
 [ 1  7  8  9 10]
 [11 12 13 14 15]
 [16 17 18 19 20]
 [ 2 22 23 24 21]]
state: [[25  6  3  4  5]
 [ 1  7  8  9 10]
 [11 12 13 14 15]
 [16 17 18 19 20]
 [ 2 22 23 24 21]] move: R1  previous: [[ 6  3  4  5 25]
 [ 1  7  8  9 10]
 [11 12 13 14 15]
 [16 17 18 19 20]
 [ 2 22 23 24 21]]
state: [[ 6  3  4  5 25]
 [ 1  7  8  9 10]
 [11 12 13 14 15]
 [16 17 18 19 20]
 [ 2 22 23 24 21]] move: U1  previous: [[ 2  3  4  5 25]
 [ 6  7  8  9 10]
 [ 1 12 13 14 15]
 [11 17 18 19 20]
 [16 22 23 24 21]]
state: [[ 2  3  4  5 25]
 [ 6  7  8  9 10]
 [ 1 12 13 14 15]
 [11 17 18 19 20]
 [16 22 23 24 21]] move: L1  previous: [[25  2  3  4  5]
 [ 6  7  8  9 10]
 [ 1 12 13 14 15]
 [11 17 18 19 20]
 [16 22 23 24 21]]
state: [[25  2  3  4  5]
 [ 6  7  8  9 10]
 [ 1 12 13 14 15]
 [11 17 18 19 20]
 [16 22 23 24 21]] move: D1  previous: [[ 6  2  3  4  5]
 [ 1  7  8  9 10]
 [11 12 13 14 15]
 [16 17 18 19 20]
 [25 22 23 24 21]]
state: [[ 6  2  3  4  5]
 [ 1  7  8  9 10]
 [11 12 13 14 15]
 [16 17 18 19 20]
 [25 22 23 24 21]] move: L5  previous: [[ 6  2  3  4  5]
 [ 1  7  8  9 10]
 [11 12 13 14 15]
 [16 17 18 19 20]
 [21 25 22 23 24]]
state: [[ 6  2  3  4  5]
 [ 1  7  8  9 10]
 [11 12 13 14 15]
 [16 17 18 19 20]
 [21 25 22 23 24]] move: D1  previous: [[ 1  2  3  4  5]
 [11  7  8  9 10]
 [16 12 13 14 15]
 [21 17 18 19 20]
 [ 6 25 22 23 24]]
state: [[ 1  2  3  4  5]
 [11  7  8  9 10]
 [16 12 13 14 15]
 [21 17 18 19 20]
 [ 6 25 22 23 24]] move: R5  previous: [[ 1  2  3  4  5]
 [11  7  8  9 10]
 [16 12 13 14 15]
 [21 17 18 19 20]
 [25 22 23 24  6]]
state: [[ 1  2  3  4  5]
 [11  7  8  9 10]
 [16 12 13 14 15]
 [21 17 18 19 20]
 [25 22 23 24  6]] move: R5  previous: [[ 1  2  3  4  5]
 [11  7  8  9 10]
 [16 12 13 14 15]
 [21 17 18 19 20]
 [22 23 24  6 25]]
state: [[ 1  2  3  4  5]
 [11  7  8  9 10]
 [16 12 13 14 15]
 [21 17 18 19 20]
 [22 23 24  6 25]] move: U1  previous: [[22  2  3  4  5]
 [ 1  7  8  9 10]
 [11 12 13 14 15]
 [16 17 18 19 20]
 [21 23 24  6 25]]
state: [[22  2  3  4  5]
 [ 1  7  8  9 10]
 [11 12 13 14 15]
 [16 17 18 19 20]
 [21 23 24  6 25]] move: L5  previous: [[22  2  3  4  5]
 [ 1  7  8  9 10]
 [11 12 13 14 15]
 [16 17 18 19 20]
 [25 21 23 24  6]]
state: [[22  2  3  4  5]
 [ 1  7  8  9 10]
 [11 12 13 14 15]
 [16 17 18 19 20]
 [25 21 23 24  6]] move: L5  previous: [[22  2  3  4  5]
 [ 1  7  8  9 10]
 [11 12 13 14 15]
 [16 17 18 19 20]
 [ 6 25 21 23 24]]
state: [[22  2  3  4  5]
 [ 1  7  8  9 10]
 [11 12 13 14 15]
 [16 17 18 19 20]
 [ 6 25 21 23 24]] move: D1  previous: [[ 1  2  3  4  5]
 [11  7  8  9 10]
 [16 12 13 14 15]
 [ 6 17 18 19 20]
 [22 25 21 23 24]]
state: [[ 1  2  3  4  5]
 [11  7  8  9 10]
 [16 12 13 14 15]
 [ 6 17 18 19 20]
 [22 25 21 23 24]] move: R5  previous: [[ 1  2  3  4  5]
 [11  7  8  9 10]
 [16 12 13 14 15]
 [ 6 17 18 19 20]
 [25 21 23 24 22]]
state: [[ 1  2  3  4  5]
 [11  7  8  9 10]
 [16 12 13 14 15]
 [ 6 17 18 19 20]
 [25 21 23 24 22]] move: R5  previous: [[ 1  2  3  4  5]
 [11  7  8  9 10]
 [16 12 13 14 15]
 [ 6 17 18 19 20]
 [21 23 24 22 25]]
state: [[ 1  2  3  4  5]
 [11  7  8  9 10]
 [16 12 13 14 15]
 [ 6 17 18 19 20]
 [21 23 24 22 25]] move: R5  previous: [[ 1  2  3  4  5]
 [11  7  8  9 10]
 [16 12 13 14 15]
 [ 6 17 18 19 20]
 [23 24 22 25 21]]
state: [[ 1  2  3  4  5]
 [11  7  8  9 10]
 [16 12 13 14 15]
 [ 6 17 18 19 20]
 [23 24 22 25 21]] move: U1  previous: [[23  2  3  4  5]
 [ 1  7  8  9 10]
 [11 12 13 14 15]
 [16 17 18 19 20]
 [ 6 24 22 25 21]]
state: [[23  2  3  4  5]
 [ 1  7  8  9 10]
 [11 12 13 14 15]
 [16 17 18 19 20]
 [ 6 24 22 25 21]] move: L5  previous: [[23  2  3  4  5]
 [ 1  7  8  9 10]
 [11 12 13 14 15]
 [16 17 18 19 20]
 [21  6 24 22 25]]
state: [[23  2  3  4  5]
 [ 1  7  8  9 10]
 [11 12 13 14 15]
 [16 17 18 19 20]
 [21  6 24 22 25]] move: D1  previous: [[ 1  2  3  4  5]
 [11  7  8  9 10]
 [16 12 13 14 15]
 [21 17 18 19 20]
 [23  6 24 22 25]]
state: [[ 1  2  3  4  5]
 [11  7  8  9 10]
 [16 12 13 14 15]
 [21 17 18 19 20]
 [23  6 24 22 25]] move: R5  previous: [[ 1  2  3  4  5]
 [11  7  8  9 10]
 [16 12 13 14 15]
 [21 17 18 19 20]
 [ 6 24 22 25 23]]
state: [[ 1  2  3  4  5]
 [11  7  8  9 10]
 [16 12 13 14 15]
 [21 17 18 19 20]
 [ 6 24 22 25 23]] move: U1  previous: [[ 6  2  3  4  5]
 [ 1  7  8  9 10]
 [11 12 13 14 15]
 [16 17 18 19 20]
 [21 24 22 25 23]]
state: [[ 6  2  3  4  5]
 [ 1  7  8  9 10]
 [11 12 13 14 15]
 [16 17 18 19 20]
 [21 24 22 25 23]] move: R5  previous: [[ 6  2  3  4  5]
 [ 1  7  8  9 10]
 [11 12 13 14 15]
 [16 17 18 19 20]
 [24 22 25 23 21]]
state: [[ 6  2  3  4  5]
 [ 1  7  8  9 10]
 [11 12 13 14 15]
 [16 17 18 19 20]
 [24 22 25 23 21]] move: R5  previous: [[ 6  2  3  4  5]
 [ 1  7  8  9 10]
 [11 12 13 14 15]
 [16 17 18 19 20]
 [22 25 23 21 24]]
state: [[ 6  2  3  4  5]
 [ 1  7  8  9 10]
 [11 12 13 14 15]
 [16 17 18 19 20]
 [22 25 23 21 24]] move: D1  previous: [[ 1  2  3  4  5]
 [11  7  8  9 10]
 [16 12 13 14 15]
 [22 17 18 19 20]
 [ 6 25 23 21 24]]
state: [[ 1  2  3  4  5]
 [11  7  8  9 10]
 [16 12 13 14 15]
 [22 17 18 19 20]
 [ 6 25 23 21 24]] move: R5  previous: [[ 1  2  3  4  5]
 [11  7  8  9 10]
 [16 12 13 14 15]
 [22 17 18 19 20]
 [25 23 21 24  6]]
state: [[ 1  2  3  4  5]
 [11  7  8  9 10]
 [16 12 13 14 15]
 [22 17 18 19 20]
 [25 23 21 24  6]] move: U1  previous: [[25  2  3  4  5]
 [ 1  7  8  9 10]
 [11 12 13 14 15]
 [16 17 18 19 20]
 [22 23 21 24  6]]
state: [[25  2  3  4  5]
 [ 1  7  8  9 10]
 [11 12 13 14 15]
 [16 17 18 19 20]
 [22 23 21 24  6]] move: L5  previous: [[25  2  3  4  5]
 [ 1  7  8  9 10]
 [11 12 13 14 15]
 [16 17 18 19 20]
 [ 6 22 23 21 24]]
state: [[25  2  3  4  5]
 [ 1  7  8  9 10]
 [11 12 13 14 15]
 [16 17 18 19 20]
 [ 6 22 23 21 24]] move: D1  previous: [[ 1  2  3  4  5]
 [11  7  8  9 10]
 [16 12 13 14 15]
 [ 6 17 18 19 20]
 [25 22 23 21 24]]
state: [[ 1  2  3  4  5]
 [11  7  8  9 10]
 [16 12 13 14 15]
 [ 6 17 18 19 20]
 [25 22 23 21 24]] move: R5  previous: [[ 1  2  3  4  5]
 [11  7  8  9 10]
 [16 12 13 14 15]
 [ 6 17 18 19 20]
 [22 23 21 24 25]]
state: [[ 1  2  3  4  5]
 [11  7  8  9 10]
 [16 12 13 14 15]
 [ 6 17 18 19 20]
 [22 23 21 24 25]] move: R5  previous: [[ 1  2  3  4  5]
 [11  7  8  9 10]
 [16 12 13 14 15]
 [ 6 17 18 19 20]
 [23 21 24 25 22]]
state: [[ 1  2  3  4  5]
 [11  7  8  9 10]
 [16 12 13 14 15]
 [ 6 17 18 19 20]
 [23 21 24 25 22]] move: U1  previous: [[23  2  3  4  5]
 [ 1  7  8  9 10]
 [11 12 13 14 15]
 [16 17 18 19 20]
 [ 6 21 24 25 22]]
state: [[23  2  3  4  5]
 [ 1  7  8  9 10]
 [11 12 13 14 15]
 [16 17 18 19 20]
 [ 6 21 24 25 22]] move: L5  previous: [[23  2  3  4  5]
 [ 1  7  8  9 10]
 [11 12 13 14 15]
 [16 17 18 19 20]
 [22  6 21 24 25]]
state: [[23  2  3  4  5]
 [ 1  7  8  9 10]
 [11 12 13 14 15]
 [16 17 18 19 20]
 [22  6 21 24 25]] move: D1  previous: [[ 1  2  3  4  5]
 [11  7  8  9 10]
 [16 12 13 14 15]
 [22 17 18 19 20]
 [23  6 21 24 25]]
state: [[ 1  2  3  4  5]
 [11  7  8  9 10]
 [16 12 13 14 15]
 [22 17 18 19 20]
 [23  6 21 24 25]] move: R5  previous: [[ 1  2  3  4  5]
 [11  7  8  9 10]
 [16 12 13 14 15]
 [22 17 18 19 20]
 [ 6 21 24 25 23]]
state: [[ 1  2  3  4  5]
 [11  7  8  9 10]
 [16 12 13 14 15]
 [22 17 18 19 20]
 [ 6 21 24 25 23]] move: U1  previous: [[ 6  2  3  4  5]
 [ 1  7  8  9 10]
 [11 12 13 14 15]
 [16 17 18 19 20]
 [22 21 24 25 23]]
state: [[ 6  2  3  4  5]
 [ 1  7  8  9 10]
 [11 12 13 14 15]
 [16 17 18 19 20]
 [22 21 24 25 23]] move: R5  previous: [[ 6  2  3  4  5]
 [ 1  7  8  9 10]
 [11 12 13 14 15]
 [16 17 18 19 20]
 [21 24 25 23 22]]
state: [[ 6  2  3  4  5]
 [ 1  7  8  9 10]
 [11 12 13 14 15]
 [16 17 18 19 20]
 [21 24 25 23 22]] move: D1  previous: [[ 1  2  3  4  5]
 [11  7  8  9 10]
 [16 12 13 14 15]
 [21 17 18 19 20]
 [ 6 24 25 23 22]]
state: [[ 1  2  3  4  5]
 [11  7  8  9 10]
 [16 12 13 14 15]
 [21 17 18 19 20]
 [ 6 24 25 23 22]] move: L5  previous: [[ 1  2  3  4  5]
 [11  7  8  9 10]
 [16 12 13 14 15]
 [21 17 18 19 20]
 [22  6 24 25 23]]
state: [[ 1  2  3  4  5]
 [11  7  8  9 10]
 [16 12 13 14 15]
 [21 17 18 19 20]
 [22  6 24 25 23]] move: U1  previous: [[22  2  3  4  5]
 [ 1  7  8  9 10]
 [11 12 13 14 15]
 [16 17 18 19 20]
 [21  6 24 25 23]]
state: [[22  2  3  4  5]
 [ 1  7  8  9 10]
 [11 12 13 14 15]
 [16 17 18 19 20]
 [21  6 24 25 23]] move: R5  previous: [[22  2  3  4  5]
 [ 1  7  8  9 10]
 [11 12 13 14 15]
 [16 17 18 19 20]
 [ 6 24 25 23 21]]
state: [[22  2  3  4  5]
 [ 1  7  8  9 10]
 [11 12 13 14 15]
 [16 17 18 19 20]
 [ 6 24 25 23 21]] move: D1  previous: [[ 1  2  3  4  5]
 [11  7  8  9 10]
 [16 12 13 14 15]
 [ 6 17 18 19 20]
 [22 24 25 23 21]]
state: [[ 1  2  3  4  5]
 [11  7  8  9 10]
 [16 12 13 14 15]
 [ 6 17 18 19 20]
 [22 24 25 23 21]] move: L5  previous: [[ 1  2  3  4  5]
 [11  7  8  9 10]
 [16 12 13 14 15]
 [ 6 17 18 19 20]
 [21 22 24 25 23]]
state: [[ 1  2  3  4  5]
 [11  7  8  9 10]
 [16 12 13 14 15]
 [ 6 17 18 19 20]
 [21 22 24 25 23]] move: L5  previous: [[ 1  2  3  4  5]
 [11  7  8  9 10]
 [16 12 13 14 15]
 [ 6 17 18 19 20]
 [23 21 22 24 25]]
state: [[ 1  2  3  4  5]
 [11  7  8  9 10]
 [16 12 13 14 15]
 [ 6 17 18 19 20]
 [23 21 22 24 25]] move: U1  previous: [[23  2  3  4  5]
 [ 1  7  8  9 10]
 [11 12 13 14 15]
 [16 17 18 19 20]
 [ 6 21 22 24 25]]
state: [[23  2  3  4  5]
 [ 1  7  8  9 10]
 [11 12 13 14 15]
 [16 17 18 19 20]
 [ 6 21 22 24 25]] move: R5  previous: [[23  2  3  4  5]
 [ 1  7  8  9 10]
 [11 12 13 14 15]
 [16 17 18 19 20]
 [21 22 24 25  6]]
state: [[23  2  3  4  5]
 [ 1  7  8  9 10]
 [11 12 13 14 15]
 [16 17 18 19 20]
 [21 22 24 25  6]] move: D1  previous: [[ 1  2  3  4  5]
 [11  7  8  9 10]
 [16 12 13 14 15]
 [21 17 18 19 20]
 [23 22 24 25  6]]
state: [[ 1  2  3  4  5]
 [11  7  8  9 10]
 [16 12 13 14 15]
 [21 17 18 19 20]
 [23 22 24 25  6]] move: L5  previous: [[ 1  2  3  4  5]
 [11  7  8  9 10]
 [16 12 13 14 15]
 [21 17 18 19 20]
 [ 6 23 22 24 25]]
state: [[ 1  2  3  4  5]
 [11  7  8  9 10]
 [16 12 13 14 15]
 [21 17 18 19 20]
 [ 6 23 22 24 25]] move: L5  previous: [[ 1  2  3  4  5]
 [11  7  8  9 10]
 [16 12 13 14 15]
 [21 17 18 19 20]
 [25  6 23 22 24]]
state: [[ 1  2  3  4  5]
 [11  7  8  9 10]
 [16 12 13 14 15]
 [21 17 18 19 20]
 [25  6 23 22 24]] move: U1  previous: [[25  2  3  4  5]
 [ 1  7  8  9 10]
 [11 12 13 14 15]
 [16 17 18 19 20]
 [21  6 23 22 24]]
state: [[25  2  3  4  5]
 [ 1  7  8  9 10]
 [11 12 13 14 15]
 [16 17 18 19 20]
 [21  6 23 22 24]] move: R5  previous: [[25  2  3  4  5]
 [ 1  7  8  9 10]
 [11 12 13 14 15]
 [16 17 18 19 20]
 [ 6 23 22 24 21]]
state: [[25  2  3  4  5]
 [ 1  7  8  9 10]
 [11 12 13 14 15]
 [16 17 18 19 20]
 [ 6 23 22 24 21]] move: D1  previous: [[ 1  2  3  4  5]
 [11  7  8  9 10]
 [16 12 13 14 15]
 [ 6 17 18 19 20]
 [25 23 22 24 21]]
state: [[ 1  2  3  4  5]
 [11  7  8  9 10]
 [16 12 13 14 15]
 [ 6 17 18 19 20]
 [25 23 22 24 21]] move: L5  previous: [[ 1  2  3  4  5]
 [11  7  8  9 10]
 [16 12 13 14 15]
 [ 6 17 18 19 20]
 [21 25 23 22 24]]
state: [[ 1  2  3  4  5]
 [11  7  8  9 10]
 [16 12 13 14 15]
 [ 6 17 18 19 20]
 [21 25 23 22 24]] move: U1  previous: [[21  2  3  4  5]
 [ 1  7  8  9 10]
 [11 12 13 14 15]
 [16 17 18 19 20]
 [ 6 25 23 22 24]]
state: [[21  2  3  4  5]
 [ 1  7  8  9 10]
 [11 12 13 14 15]
 [16 17 18 19 20]
 [ 6 25 23 22 24]] move: R5  previous: [[21  2  3  4  5]
 [ 1  7  8  9 10]
 [11 12 13 14 15]
 [16 17 18 19 20]
 [25 23 22 24  6]]
state: [[21  2  3  4  5]
 [ 1  7  8  9 10]
 [11 12 13 14 15]
 [16 17 18 19 20]
 [25 23 22 24  6]] move: R5  previous: [[21  2  3  4  5]
 [ 1  7  8  9 10]
 [11 12 13 14 15]
 [16 17 18 19 20]
 [23 22 24  6 25]]
state: [[21  2  3  4  5]
 [ 1  7  8  9 10]
 [11 12 13 14 15]
 [16 17 18 19 20]
 [23 22 24  6 25]] move: D1  previous: [[ 1  2  3  4  5]
 [11  7  8  9 10]
 [16 12 13 14 15]
 [23 17 18 19 20]
 [21 22 24  6 25]]
state: [[ 1  2  3  4  5]
 [11  7  8  9 10]
 [16 12 13 14 15]
 [23 17 18 19 20]
 [21 22 24  6 25]] move: L5  previous: [[ 1  2  3  4  5]
 [11  7  8  9 10]
 [16 12 13 14 15]
 [23 17 18 19 20]
 [25 21 22 24  6]]
state: [[ 1  2  3  4  5]
 [11  7  8  9 10]
 [16 12 13 14 15]
 [23 17 18 19 20]
 [25 21 22 24  6]] move: U1  previous: [[25  2  3  4  5]
 [ 1  7  8  9 10]
 [11 12 13 14 15]
 [16 17 18 19 20]
 [23 21 22 24  6]]
state: [[25  2  3  4  5]
 [ 1  7  8  9 10]
 [11 12 13 14 15]
 [16 17 18 19 20]
 [23 21 22 24  6]] move: R5  previous: [[25  2  3  4  5]
 [ 1  7  8  9 10]
 [11 12 13 14 15]
 [16 17 18 19 20]
 [21 22 24  6 23]]
state: [[25  2  3  4  5]
 [ 1  7  8  9 10]
 [11 12 13 14 15]
 [16 17 18 19 20]
 [21 22 24  6 23]] move: D1  previous: [[ 1  2  3  4  5]
 [11  7  8  9 10]
 [16 12 13 14 15]
 [21 17 18 19 20]
 [25 22 24  6 23]]
state: [[ 1  2  3  4  5]
 [11  7  8  9 10]
 [16 12 13 14 15]
 [21 17 18 19 20]
 [25 22 24  6 23]] move: L5  previous: [[ 1  2  3  4  5]
 [11  7  8  9 10]
 [16 12 13 14 15]
 [21 17 18 19 20]
 [23 25 22 24  6]]
state: [[ 1  2  3  4  5]
 [11  7  8  9 10]
 [16 12 13 14 15]
 [21 17 18 19 20]
 [23 25 22 24  6]] move: L5  previous: [[ 1  2  3  4  5]
 [11  7  8  9 10]
 [16 12 13 14 15]
 [21 17 18 19 20]
 [ 6 23 25 22 24]]
state: [[ 1  2  3  4  5]
 [11  7  8  9 10]
 [16 12 13 14 15]
 [21 17 18 19 20]
 [ 6 23 25 22 24]] move: U1  previous: [[ 6  2  3  4  5]
 [ 1  7  8  9 10]
 [11 12 13 14 15]
 [16 17 18 19 20]
 [21 23 25 22 24]]
state: [[ 6  2  3  4  5]
 [ 1  7  8  9 10]
 [11 12 13 14 15]
 [16 17 18 19 20]
 [21 23 25 22 24]] move: L5  previous: [[ 6  2  3  4  5]
 [ 1  7  8  9 10]
 [11 12 13 14 15]
 [16 17 18 19 20]
 [24 21 23 25 22]]
state: [[ 6  2  3  4  5]
 [ 1  7  8  9 10]
 [11 12 13 14 15]
 [16 17 18 19 20]
 [24 21 23 25 22]] move: L5  previous: [[ 6  2  3  4  5]
 [ 1  7  8  9 10]
 [11 12 13 14 15]
 [16 17 18 19 20]
 [22 24 21 23 25]]
state: [[ 6  2  3  4  5]
 [ 1  7  8  9 10]
 [11 12 13 14 15]
 [16 17 18 19 20]
 [22 24 21 23 25]] move: D1  previous: [[ 1  2  3  4  5]
 [11  7  8  9 10]
 [16 12 13 14 15]
 [22 17 18 19 20]
 [ 6 24 21 23 25]]
state: [[ 1  2  3  4  5]
 [11  7  8  9 10]
 [16 12 13 14 15]
 [22 17 18 19 20]
 [ 6 24 21 23 25]] move: R5  previous: [[ 1  2  3  4  5]
 [11  7  8  9 10]
 [16 12 13 14 15]
 [22 17 18 19 20]
 [24 21 23 25  6]]
state: [[ 1  2  3  4  5]
 [11  7  8  9 10]
 [16 12 13 14 15]
 [22 17 18 19 20]
 [24 21 23 25  6]] move: U1  previous: [[24  2  3  4  5]
 [ 1  7  8  9 10]
 [11 12 13 14 15]
 [16 17 18 19 20]
 [22 21 23 25  6]]
state: [[24  2  3  4  5]
 [ 1  7  8  9 10]
 [11 12 13 14 15]
 [16 17 18 19 20]
 [22 21 23 25  6]] move: L5  previous: [[24  2  3  4  5]
 [ 1  7  8  9 10]
 [11 12 13 14 15]
 [16 17 18 19 20]
 [ 6 22 21 23 25]]
state: [[24  2  3  4  5]
 [ 1  7  8  9 10]
 [11 12 13 14 15]
 [16 17 18 19 20]
 [ 6 22 21 23 25]] move: D1  previous: [[ 1  2  3  4  5]
 [11  7  8  9 10]
 [16 12 13 14 15]
 [ 6 17 18 19 20]
 [24 22 21 23 25]]
state: [[ 1  2  3  4  5]
 [11  7  8  9 10]
 [16 12 13 14 15]
 [ 6 17 18 19 20]
 [24 22 21 23 25]] move: R5  previous: [[ 1  2  3  4  5]
 [11  7  8  9 10]
 [16 12 13 14 15]
 [ 6 17 18 19 20]
 [22 21 23 25 24]]
state: [[ 1  2  3  4  5]
 [11  7  8  9 10]
 [16 12 13 14 15]
 [ 6 17 18 19 20]
 [22 21 23 25 24]] move: U1  previous: [[22  2  3  4  5]
 [ 1  7  8  9 10]
 [11 12 13 14 15]
 [16 17 18 19 20]
 [ 6 21 23 25 24]]
state: [[22  2  3  4  5]
 [ 1  7  8  9 10]
 [11 12 13 14 15]
 [16 17 18 19 20]
 [ 6 21 23 25 24]] move: R5  previous: [[22  2  3  4  5]
 [ 1  7  8  9 10]
 [11 12 13 14 15]
 [16 17 18 19 20]
 [21 23 25 24  6]]
state: [[22  2  3  4  5]
 [ 1  7  8  9 10]
 [11 12 13 14 15]
 [16 17 18 19 20]
 [21 23 25 24  6]] move: D1  previous: [[ 1  2  3  4  5]
 [11  7  8  9 10]
 [16 12 13 14 15]
 [21 17 18 19 20]
 [22 23 25 24  6]]
state: [[ 1  2  3  4  5]
 [11  7  8  9 10]
 [16 12 13 14 15]
 [21 17 18 19 20]
 [22 23 25 24  6]] move: L5  previous: [[ 1  2  3  4  5]
 [11  7  8  9 10]
 [16 12 13 14 15]
 [21 17 18 19 20]
 [ 6 22 23 25 24]]
state: [[ 1  2  3  4  5]
 [11  7  8  9 10]
 [16 12 13 14 15]
 [21 17 18 19 20]
 [ 6 22 23 25 24]] move: U1  previous: [[ 6  2  3  4  5]
 [ 1  7  8  9 10]
 [11 12 13 14 15]
 [16 17 18 19 20]
 [21 22 23 25 24]]
state: [[ 6  2  3  4  5]
 [ 1  7  8  9 10]
 [11 12 13 14 15]
 [16 17 18 19 20]
 [21 22 23 25 24]] move: R3  previous: [[ 6  2  3  4  5]
 [ 1  7  8  9 10]
 [12 13 14 15 11]
 [16 17 18 19 20]
 [21 22 23 25 24]]
state: [[ 6  2  3  4  5]
 [ 1  7  8  9 10]
 [12 13 14 15 11]
 [16 17 18 19 20]
 [21 22 23 25 24]] move: D1  previous: [[ 1  2  3  4  5]
 [12  7  8  9 10]
 [16 13 14 15 11]
 [21 17 18 19 20]
 [ 6 22 23 25 24]]
state: [[ 1  2  3  4  5]
 [12  7  8  9 10]
 [16 13 14 15 11]
 [21 17 18 19 20]
 [ 6 22 23 25 24]] move: L3  previous: [[ 1  2  3  4  5]
 [12  7  8  9 10]
 [11 16 13 14 15]
 [21 17 18 19 20]
 [ 6 22 23 25 24]]
state: [[ 1  2  3  4  5]
 [12  7  8  9 10]
 [11 16 13 14 15]
 [21 17 18 19 20]
 [ 6 22 23 25 24]] move: U1  previous: [[ 6  2  3  4  5]
 [ 1  7  8  9 10]
 [12 16 13 14 15]
 [11 17 18 19 20]
 [21 22 23 25 24]]
state: [[ 6  2  3  4  5]
 [ 1  7  8  9 10]
 [12 16 13 14 15]
 [11 17 18 19 20]
 [21 22 23 25 24]] move: R1  previous: [[ 2  3  4  5  6]
 [ 1  7  8  9 10]
 [12 16 13 14 15]
 [11 17 18 19 20]
 [21 22 23 25 24]]
state: [[ 2  3  4  5  6]
 [ 1  7  8  9 10]
 [12 16 13 14 15]
 [11 17 18 19 20]
 [21 22 23 25 24]] move: D1  previous: [[ 1  3  4  5  6]
 [12  7  8  9 10]
 [11 16 13 14 15]
 [21 17 18 19 20]
 [ 2 22 23 25 24]]
state: [[ 1  3  4  5  6]
 [12  7  8  9 10]
 [11 16 13 14 15]
 [21 17 18 19 20]
 [ 2 22 23 25 24]] move: L1  previous: [[ 6  1  3  4  5]
 [12  7  8  9 10]
 [11 16 13 14 15]
 [21 17 18 19 20]
 [ 2 22 23 25 24]]
state: [[ 6  1  3  4  5]
 [12  7  8  9 10]
 [11 16 13 14 15]
 [21 17 18 19 20]
 [ 2 22 23 25 24]] move: U1  previous: [[ 2  1  3  4  5]
 [ 6  7  8  9 10]
 [12 16 13 14 15]
 [11 17 18 19 20]
 [21 22 23 25 24]]
state: [[ 2  1  3  4  5]
 [ 6  7  8  9 10]
 [12 16 13 14 15]
 [11 17 18 19 20]
 [21 22 23 25 24]] move: U4  previous: [[ 2  1  3 25  5]
 [ 6  7  8  4 10]
 [12 16 13  9 15]
 [11 17 18 14 20]
 [21 22 23 19 24]]
state: [[ 2  1  3 25  5]
 [ 6  7  8  4 10]
 [12 16 13  9 15]
 [11 17 18 14 20]
 [21 22 23 19 24]] move: L1  previous: [[ 5  2  1  3 25]
 [ 6  7  8  4 10]
 [12 16 13  9 15]
 [11 17 18 14 20]
 [21 22 23 19 24]]
state: [[ 5  2  1  3 25]
 [ 6  7  8  4 10]
 [12 16 13  9 15]
 [11 17 18 14 20]
 [21 22 23 19 24]] move: D4  previous: [[ 5  2  1  4 25]
 [ 6  7  8  9 10]
 [12 16 13 14 15]
 [11 17 18 19 20]
 [21 22 23  3 24]]
state: [[ 5  2  1  4 25]
 [ 6  7  8  9 10]
 [12 16 13 14 15]
 [11 17 18 19 20]
 [21 22 23  3 24]] move: D5  previous: [[ 5  2  1  4 10]
 [ 6  7  8  9 15]
 [12 16 13 14 20]
 [11 17 18 19 24]
 [21 22 23  3 25]]
state: [[ 5  2  1  4 10]
 [ 6  7  8  9 15]
 [12 16 13 14 20]
 [11 17 18 19 24]
 [21 22 23  3 25]] move: R1  previous: [[ 2  1  4 10  5]
 [ 6  7  8  9 15]
 [12 16 13 14 20]
 [11 17 18 19 24]
 [21 22 23  3 25]]
state: [[ 2  1  4 10  5]
 [ 6  7  8  9 15]
 [12 16 13 14 20]
 [11 17 18 19 24]
 [21 22 23  3 25]] move: U5  previous: [[ 2  1  4 10 25]
 [ 6  7  8  9  5]
 [12 16 13 14 15]
 [11 17 18 19 20]
 [21 22 23  3 24]]
state: [[ 2  1  4 10 25]
 [ 6  7  8  9  5]
 [12 16 13 14 15]
 [11 17 18 19 20]
 [21 22 23  3 24]] move: L1  previous: [[25  2  1  4 10]
 [ 6  7  8  9  5]
 [12 16 13 14 15]
 [11 17 18 19 20]
 [21 22 23  3 24]]
state: [[25  2  1  4 10]
 [ 6  7  8  9  5]
 [12 16 13 14 15]
 [11 17 18 19 20]
 [21 22 23  3 24]] move: D1  previous: [[ 6  2  1  4 10]
 [12  7  8  9  5]
 [11 16 13 14 15]
 [21 17 18 19 20]
 [25 22 23  3 24]]
state: [[ 6  2  1  4 10]
 [12  7  8  9  5]
 [11 16 13 14 15]
 [21 17 18 19 20]
 [25 22 23  3 24]] move: R5  previous: [[ 6  2  1  4 10]
 [12  7  8  9  5]
 [11 16 13 14 15]
 [21 17 18 19 20]
 [22 23  3 24 25]]
state: [[ 6  2  1  4 10]
 [12  7  8  9  5]
 [11 16 13 14 15]
 [21 17 18 19 20]
 [22 23  3 24 25]] move: U1  previous: [[22  2  1  4 10]
 [ 6  7  8  9  5]
 [12 16 13 14 15]
 [11 17 18 19 20]
 [21 23  3 24 25]]
state: [[22  2  1  4 10]
 [ 6  7  8  9  5]
 [12 16 13 14 15]
 [11 17 18 19 20]
 [21 23  3 24 25]] move: U2  previous: [[22 23  1  4 10]
 [ 6  2  8  9  5]
 [12  7 13 14 15]
 [11 16 18 19 20]
 [21 17  3 24 25]]
state: [[22 23  1  4 10]
 [ 6  2  8  9  5]
 [12  7 13 14 15]
 [11 16 18 19 20]
 [21 17  3 24 25]] move: L1  previous: [[10 22 23  1  4]
 [ 6  2  8  9  5]
 [12  7 13 14 15]
 [11 16 18 19 20]
 [21 17  3 24 25]]
state: [[10 22 23  1  4]
 [ 6  2  8  9  5]
 [12  7 13 14 15]
 [11 16 18 19 20]
 [21 17  3 24 25]] move: D2  previous: [[10  2 23  1  4]
 [ 6  7  8  9  5]
 [12 16 13 14 15]
 [11 17 18 19 20]
 [21 22  3 24 25]]
state: [[10  2 23  1  4]
 [ 6  7  8  9  5]
 [12 16 13 14 15]
 [11 17 18 19 20]
 [21 22  3 24 25]] move: U3  previous: [[10  2  3  1  4]
 [ 6  7 23  9  5]
 [12 16  8 14 15]
 [11 17 13 19 20]
 [21 22 18 24 25]]
state: [[10  2  3  1  4]
 [ 6  7 23  9  5]
 [12 16  8 14 15]
 [11 17 13 19 20]
 [21 22 18 24 25]] move: R1  previous: [[ 2  3  1  4 10]
 [ 6  7 23  9  5]
 [12 16  8 14 15]
 [11 17 13 19 20]
 [21 22 18 24 25]]
state: [[ 2  3  1  4 10]
 [ 6  7 23  9  5]
 [12 16  8 14 15]
 [11 17 13 19 20]
 [21 22 18 24 25]] move: D3  previous: [[ 2  3 23  4 10]
 [ 6  7  8  9  5]
 [12 16 13 14 15]
 [11 17 18 19 20]
 [21 22  1 24 25]]
state: [[ 2  3 23  4 10]
 [ 6  7  8  9  5]
 [12 16 13 14 15]
 [11 17 18 19 20]
 [21 22  1 24 25]] move: L1  previous: [[10  2  3 23  4]
 [ 6  7  8  9  5]
 [12 16 13 14 15]
 [11 17 18 19 20]
 [21 22  1 24 25]]
state: [[10  2  3 23  4]
 [ 6  7  8  9  5]
 [12 16 13 14 15]
 [11 17 18 19 20]
 [21 22  1 24 25]] move: U1  previous: [[21  2  3 23  4]
 [10  7  8  9  5]
 [ 6 16 13 14 15]
 [12 17 18 19 20]
 [11 22  1 24 25]]
state: [[21  2  3 23  4]
 [10  7  8  9  5]
 [ 6 16 13 14 15]
 [12 17 18 19 20]
 [11 22  1 24 25]] move: R1  previous: [[ 2  3 23  4 21]
 [10  7  8  9  5]
 [ 6 16 13 14 15]
 [12 17 18 19 20]
 [11 22  1 24 25]]
state: [[ 2  3 23  4 21]
 [10  7  8  9  5]
 [ 6 16 13 14 15]
 [12 17 18 19 20]
 [11 22  1 24 25]] move: D1  previous: [[10  3 23  4 21]
 [ 6  7  8  9  5]
 [12 16 13 14 15]
 [11 17 18 19 20]
 [ 2 22  1 24 25]]
state: [[10  3 23  4 21]
 [ 6  7  8  9  5]
 [12 16 13 14 15]
 [11 17 18 19 20]
 [ 2 22  1 24 25]] move: L1  previous: [[21 10  3 23  4]
 [ 6  7  8  9  5]
 [12 16 13 14 15]
 [11 17 18 19 20]
 [ 2 22  1 24 25]]
state: [[21 10  3 23  4]
 [ 6  7  8  9  5]
 [12 16 13 14 15]
 [11 17 18 19 20]
 [ 2 22  1 24 25]] move: D1  previous: [[ 6 10  3 23  4]
 [12  7  8  9  5]
 [11 16 13 14 15]
 [ 2 17 18 19 20]
 [21 22  1 24 25]]
state: [[ 6 10  3 23  4]
 [12  7  8  9  5]
 [11 16 13 14 15]
 [ 2 17 18 19 20]
 [21 22  1 24 25]] move: R3  previous: [[ 6 10  3 23  4]
 [12  7  8  9  5]
 [16 13 14 15 11]
 [ 2 17 18 19 20]
 [21 22  1 24 25]]
state: [[ 6 10  3 23  4]
 [12  7  8  9  5]
 [16 13 14 15 11]
 [ 2 17 18 19 20]
 [21 22  1 24 25]] move: U3  previous: [[ 6 10  1 23  4]
 [12  7  3  9  5]
 [16 13  8 15 11]
 [ 2 17 14 19 20]
 [21 22 18 24 25]]
state: [[ 6 10  1 23  4]
 [12  7  3  9  5]
 [16 13  8 15 11]
 [ 2 17 14 19 20]
 [21 22 18 24 25]] move: Icc  previous: [[ 6 10  1 23  4]
 [12 13  7  3  5]
 [16 17  8  9 11]
 [ 2 14 19 15 20]
 [21 22 18 24 25]]
state: [[ 6 10  1 23  4]
 [12 13  7  3  5]
 [16 17  8  9 11]
 [ 2 14 19 15 20]
 [21 22 18 24 25]] move: Icc  previous: [[ 6 10  1 23  4]
 [12 17 13  7  5]
 [16 14  8  3 11]
 [ 2 19 15  9 20]
 [21 22 18 24 25]]
state: [[ 6 10  1 23  4]
 [12 17 13  7  5]
 [16 14  8  3 11]
 [ 2 19 15  9 20]
 [21 22 18 24 25]] move: R4  previous: [[ 6 10  1 23  4]
 [12 17 13  7  5]
 [16 14  8  3 11]
 [19 15  9 20  2]
 [21 22 18 24 25]]
state: [[ 6 10  1 23  4]
 [12 17 13  7  5]
 [16 14  8  3 11]
 [19 15  9 20  2]
 [21 22 18 24 25]] move: U5  previous: [[ 6 10  1 23 25]
 [12 17 13  7  4]
 [16 14  8  3  5]
 [19 15  9 20 11]
 [21 22 18 24  2]]
state: [[ 6 10  1 23 25]
 [12 17 13  7  4]
 [16 14  8  3  5]
 [19 15  9 20 11]
 [21 22 18 24  2]] move: Occ  previous: [[12  6 10  1 23]
 [16 17 13  7 25]
 [19 14  8  3  4]
 [21 15  9 20  5]
 [22 18 24  2 11]]
Solution found in 124 moves:
Occ U5 R4 Icc Icc U3 R3 D1 L1 D1 R1 U1 L1 D3 R1 U3 D2 L1 U2 U1 R5 D1 L1 U5 R1 D5 D4 L1 U4 U1 L1 D1 R1 U1 L3 D1 R3 U1 L5 D1 R5 U1 R5 D1 L5 U1 R5 D1 L5 L5 U1 L5 L5 D1 R5 U1 L5 D1 R5 R5 U1 L5 D1 R5 U1 L5 L5 D1 R5 U1 L5 L5 D1 R5 U1 L5 D1 R5 U1 R5 D1 L5 U1 R5 R5 D1 L5 U1 R5 D1 R5 R5 U1 R5 D1 L5 U1 R5 R5 R5 D1 L5 L5 U1 R5 R5 D1 L5 D1 L1 U1 R1 R5 U1 L5 D1 L1 U1 R1 D1 L1 U1 R1 D1
